day, number of animals, number of grass, average energy level, average life duration, average number of children
0  10  0  50  0  0  
1  10  2  49  0  0  
2  10  4  48  0  0  
3  10  6  47  0  0  
4  10  8  46  0  0  
5  10  10  45  0  0  
6  10  12  44  0  0  
7  10  14  43  0  0  
8  10  16  42  0  0  
9  10  18  41  0  0  
10  10  20  40  0  0  
11  10  22  39  0  0  
12  10  24  38  0  0  
13  10  26  37  0  0  
14  10  28  36  0  0  
15  10  30  35  0  0  
16  10  32  34  0  0  
17  10  34  33  0  0  
18  10  36  32  0  0  
19  10  38  31  0  0  
20  10  40  30  0  0  
21  10  42  29  0  0  
22  10  44  28  0  0  
23  10  46  27  0  0  
24  10  48  26  0  0  
25  10  50  25  0  0  
26  10  52  24  0  0  
27  10  54  23  0  0  
28  10  56  22  0  0  
29  10  57  24  0  0  
30  10  59  23  0  0  
31  10  61  22  0  0  
32  10  63  21  0  0  
33  10  64  23  0  0  
34  10  66  22  0  0  
10  33  33  0  0  